BIM
set([(1, 11, 13), (6, 10, 11, 12), (1, 11, 12, 13), (1, 11, 12, 13, 16), (1, 6, 11, 12, 13), (1, 5, 11, 12, 13), (1, 9, 12, 13), (1, 6, 10, 11, 12), (1, 9, 11, 12, 13), (1, 5, 13), (1, 12, 13), (1, 10, 11, 13), (1, 13, 16), (1, 9, 13), (1, 5, 9, 11, 12), (1, 10, 11, 12, 13), (1, 10, 13)])
AND
set([(6, 9, 10, 13), (1, 6, 10, 13), (1, 9, 10, 13, 16), (1, 13), (1, 5, 10, 13, 16), (1, 10, 11, 13, 16), (6, 9, 10, 11, 16), (6, 9, 10, 13, 16), (5, 6, 9, 10, 16), (6, 9, 13), (6, 9, 13, 16)])
DAC
set([(5, 10, 13, 15, 16), (6, 9, 10, 13), (6, 9, 10, 13, 15), (6, 9, 10, 13, 16), (6, 9, 10, 11, 13), (6, 9, 11, 13)])
STL
set([(2, 3, 7, 10, 17), (2, 6, 7, 10, 18), (2, 6, 7, 9, 10), (2, 3, 7, 16, 18), (2, 3, 7, 13, 16), (2, 6, 7, 10, 17), (2, 7, 10, 16, 17), (2, 6, 7, 9, 13), (2, 6, 7, 9, 17), (2, 3, 7, 10, 16), (2, 6, 7, 9, 18), (6, 7, 9, 13), (2, 3, 7, 9, 16)])
sfpn
set([(4, 6, 7, 13, 15), (4, 11, 13, 15, 18), (4, 6, 11, 13, 15), (3, 11, 13, 15, 17), (3, 4, 13, 15, 18), (3, 4, 13, 15), (4, 7, 13, 15, 17), (4, 7, 11, 13, 15), (4, 13, 15, 17, 18), (3, 4, 11, 13, 15), (4, 6, 13, 15, 18), (4, 7, 13, 15, 18), (4, 6, 13, 17), (3, 4, 6, 13, 15), (4, 11, 13, 15, 17), (3, 7, 11, 13, 15), (4, 13, 15, 18), (3, 4, 7, 13, 15), (4, 6, 13, 15, 17), (3, 7, 11, 15, 17)])
